--Mouline Etoile--

BLANC
ECRU
C310
C318
C321
C415
C433
C436
C444
C471
C519
C550
C554
C600
C603
C666
C699
C725
C738
C740
C798
C814
C816
C820
C823
C840
C890
C900
C907
C915
C938
C972
C995
C3371
C3799


--Coloris--

4500
4501
4502
4503
4504
4505
4506
4507
4508
4509
4510
4500
4512
4513
4514
4515
4516
4517
4518
4519
4520
4521
4522
4523


--Satin--

S211
S307
S310
S321
S326
S336
S351
S352
S367
S414
S415
S434
S469
S471
S472
S501
S504
S550
S552
S553
S601
S602
S606
S666
S676
S700
S702
S712
S738
S739
S741
S744
S745
S762
S776
S797
S798
S799
S800
S818
S820
S841
S898
S899
S909
S915
S931
S932
S943
S959
S964
S991
S995
S3371
S3607
S3685
S3820
S5200


--Color Variations--

4000
4010
4015
4017
4020
4022
4025
4030
4040
4042
4045
4047
4050
4060
4065
4066
4068
4069
4070
4072
4073
4075
4077
4080
4090
4095
4100
4110
4120
4122
4124
4126
4128
4129
4130
4135
4129
4140
4145
4150
4160
4170
4180
4190
4200
4205
4210
4211
4212
4214
4215
4220
4230
4235
4237
4240
4245
4250
4255
4260
4265


--Light Effects--

E130
E131
E133
E135
E136
E138
E140
E141
E144
E146
E148
E150
E152
E154
E155
E168
E211
E301
E310
E316
E317
E321
E334
E415
E436
E677
E699
E703
E718
E746
E747
E818
E825
E898
E940
E966
E967
E980
E985
E987
E990
E995
E1010
E1020
E1024
E1026
E1040
E1050
E1055
E3685
E3747
E3821
E3837
E3843
E3849
E3852
E5200

--6 Strand--

-New Colors-

01
02
03
04
05
06
07
08
09
10
11
12
13
14
15
16
17
18
19
20
21
22
23
24
25
26
27
28
29
30
31
32
33
34
35

-Mixed-

48
51
52
53
69
90
92
93
94
99
105
106
107
111
115
121
677

-Light-

415
422
543
613
644
648
712
738
739
746
762
822
842
950
3024
3033
3047
3072
3774
3782
3865
3866
B5200
BLANC
ECRU

-Dark-

168
169
310
317
318
413
414
535
640
645
646
647
844
3021
3022
3023
3371
3781
3787
3790
3799

-Red-

221
223
304
309
321
326
347
349
350
351
353
355
356
498
606
666
777
814
815
816
817
891
900
902
918
919
920
921
922
3328
3705
3712
3721
3722
3777
3778
3801
3830
3832

-Orange-

608
720
721
722
740
741
945
946
947
970
3340
3773
3825
3853
3854
3856

-Yellow-

307
444
445
725
726
727
728
742
743
744
745
783
972
973
3078
3820
3821
3822
3823
3852
3855

-Muted Green-

165
166
472
520
522
523
524
582
581
730
732
733
734
3011
3012
3013
3051
3052
3053
3348
3362
3363
3364
3816
3817

-Green-

125
164
987
319
320
367
368
369
469
470
471
504
505
561
562
563
564
699
700
701
702
703
704
731
772
890
895
904
905
906
907
909
910
911
912
913
934
935
936
937
943
954
955
958
959
964
966
986
988
989
991
992
993
3032
3345
3346
3347
3808
3812
3814
3815
3818
3819
3850
3851

-Teal-

163
500
501
502
503
597
598
807
828
924
926
927
928
3765
3766
3768
3809
3810
3811
3813
3847
3848
3849

-Blue-

156
157
158
159
160
161
162
311
312
334
336
341
517
518
519
747
775
791
792
793
794
796
797
798
799
800
803
806
809
813
820
823
824
825
826
827
930
931
932
939
995
996
3325
3747
3750
3752
3753
3755
3756
3760
3761
3807
3838
3839
3840
3841
3842
3843
3844
3845
3846

-Purple-

153
154
155
208
209
210
211
316
327
333
340
451
452
453
550
552
553
554
779
915
917
3740
3743
3746
3834
3835
3836
3837
3860
3861

-Pink-

150
151
152
224
225
352
600
601
602
603
604
605
718
754
758
761
776
778
818
819
892
893
893
899
948
951
956
957
961
962
963
967
3326
3341
3350
3354
3607
3608
3609
3685
3687
3688
3689
3706
3708
3713
3716
3726
3727
3731
3733
3771
3779
3802
3803
3804
3805
3806
3824
3831
3833

-Brown-

167
300
301
315
370
371
372
400
402
407
420
433
434
435
436
437
610
611
612
632
676
680
729
780
782
801
829
830
831
832
833
834
838
839
840
841
869
898
938
975
976
977
3031
3041
3042
3045
3046
3064
3770
3772
3776
3826
3827
3828
3829
3857
3858
3859
3862
3863
3864

-Exclusive Colors-

3880
3881
3882
3883
3884
3885
3886
3887
3888
3889
3890
3891
3892
3893
3894
3895
